import math

def create_latex_table(data, cols=6):
    # Split gene names from the comma-separated data
    genes = [line.split(',')[0] for line in data.strip().split('\n')]
    
    # Calculate rows needed
    total_genes = len(genes)
    rows = math.ceil(total_genes / cols)
    
    # Start LaTeX table
    latex = [
        "\\begin{table}[htbp]",
        "\\centering",
        "\\caption{Significant genes with differential survival rates}",
        "\\small",
        "\\begin{tabular}{" + "l" * cols + "}",
        "\\hline"
    ]
    
    # Add headers
    headers = [f"\\textbf{{Column {i+1}}}" for i in range(cols)]
    latex.append(" & ".join(headers) + " \\\\")
    latex.append("\\hline")
    
    # Fill table by columns
    for row in range(rows):
        row_genes = []
        for col in range(cols):
            idx = row + col * rows
            if idx < total_genes:
                row_genes.append(genes[idx])
            else:
                row_genes.append("")
        latex.append(" & ".join(row_genes) + " \\\\")
    
    # Close table
    latex.extend([
        "\\hline",
        "\\end{tabular}",
        "\\label{tab:survival_genes}",
        "\\end{table}"
    ])
    
    return "\n".join(latex)

# Sample usage (replace with actual data reading)
data = """AP001328.1,0.0,1,7.675055619469808e-80,8.481243461738918e-76
MIR182,0.0,1,7.675055619469808e-80,8.481243461738918e-76
AC006927.3,0.0,1,7.675055619469808e-80,8.481243461738918e-76
AC009101.1,0.0,1,7.675055619469808e-80,8.481243461738918e-76
AC136698.1,0.0,1,7.675055619469808e-80,8.481243461738918e-76
DEFB104A,0.0,1,2.1947500683090322e-40,1.7323475824887233e-36
RNU6-439P,0.0,1,2.1947500683090322e-40,1.7323475824887233e-36
OR2M2,0.0,1,1.0842196250890832e-20,5.445936611402002e-17
RNU6-71P,0.0,1,1.0842196250890832e-20,5.445936611402002e-17
U6,0.0,1,1.0842196250890832e-20,5.445936611402002e-17
RNU6-1159P,0.0,1,1.0842196250890832e-20,5.445936611402002e-17
LONRF2P1,0.0,1,2.2267883834415974e-20,1.0252875980159595e-16
AC026784.1,0.0,1,1.5962259728498557e-17,6.78420595783848e-14
MTCYBP39,0.0,1,9.826896401345242e-17,3.393472999794546e-13
AC092327.2,0.0,1,9.826896401345242e-17,3.393472999794546e-13
RNU6-210P,0.0,1,9.826896401345242e-17,3.393472999794546e-13
AC008837.2,0.0,1,8.00480337011606e-16,2.6016552694450154e-12
MIR4765,0.0,1,2.750405826229861e-15,8.442523483936238e-12
AC129850.1,0.0,1,3.1409113161888782e-15,9.133770107477257e-12
AC109824.1,0.0,1,1.4160879020595569e-14,3.912084438229732e-11
OR5M10,0.0,1,3.576793257889012e-14,9.410713384994463e-11
NEK4P3,0.0,1,3.889145941808993e-14,9.767413253492295e-11
MTCO2P24,0.0,1,4.282572537502449e-14,9.859195743420222e-11
SNORD115-38,0.0,1,4.282572537502449e-14,9.859195743420222e-11
AC073913.2,0.0,1,2.347357235058843e-13,5.187847278058848e-10
CNN2P11,0.0,1,6.601931253821223e-13,1.4029611755235777e-09
RNU6-561P,0.0,1,8.417682736947971e-13,1.7225696540068493e-09
RNA5SP482,0.0,1,2.8439457783371097e-12,5.611917576595785e-09
AC015818.1,0.0,1,3.487428286300505e-12,6.215722183054048e-09
MIR1277,0.0,1,3.487428286300505e-12,6.215722183054048e-09
CYP3A54P,0.0,1,3.487428286300505e-12,6.215722183054048e-09
RAB28P4,0.0,1,5.7778580419137395e-12,9.611633706009662e-09
AC006158.3,0.0,1,5.914637406869045e-12,9.611633706009662e-09
RN7SL240P,0.0,1,5.914637406869045e-12,9.611633706009662e-09
AC005252.2,0.0,1,8.10191387216457e-12,1.2789912721852482e-08
OR5M13P,0.0,1,4.5842900190487844e-11,7.03586644812454e-08
MIR1289-2,0.0,1,6.810208633575038e-11,1.0169666146548325e-07
OR10D5P,0.0,1,8.0709445040635e-11,1.1735153308908328e-07
FAM230E,0.0,1,8.355287793444966e-11,1.1837086183677468e-07
RPS29P30,0.0,1,9.469815048953378e-11,1.2168051653134235e-07
AC097463.1,0.0,1,9.469815048953378e-11,1.2168051653134235e-07
AL109954.2,0.0,1,9.469815048953378e-11,1.2168051653134235e-07
AC104304.1,0.0,1,9.469815048953378e-11,1.2168051653134235e-07
RNU6-1332P,0.0,1,1.4366221766588192e-10,1.8040056478352973e-07
AC004690.2,0.0,1,1.6183241103247227e-10,1.9870143054147018e-07
RNA5SP451,0.0,1,1.848473964589282e-10,2.2202583367714565e-07
AL360089.1,0.0,1,3.9922808334705757e-10,4.693223417253537e-07
CHMP4AP1,0.0,1,1.2297734360204411e-09,1.282027205415121e-06
RNU6-256P,0.0,1,1.2297734360204411e-09,1.282027205415121e-06
MIR1283-2,0.0,1,1.2297734360204411e-09,1.282027205415121e-06
SKP1P3,0.0,1,1.2297734360204411e-09,1.282027205415121e-06
MTCO3P35,0.0,1,1.2297734360204411e-09,1.282027205415121e-06
AC099654.9,0.0,1,1.2297734360204411e-09,1.282027205415121e-06
GAGE2A,0.0,1,1.517514503431617e-09,1.5526983582148833e-06
AC027419.1,0.0,1,1.7611930355724141e-09,1.7692625018444914e-06
LCN1P2,0.0,1,2.267741026388349e-09,2.237450485535876e-06
AC074031.1,0.0,1,2.3594122201100462e-09,2.287056912026672e-06
CGB2,0.0,1,4.906844958383949e-09,4.674362028286724e-06
RNU4-77P,0.0,1,8.691206076480856e-09,7.432518753972691e-06
AC093083.1,0.0,1,8.691206076480856e-09,7.432518753972691e-06
AC244505.2,0.0,1,9.550945332875934e-09,7.432518753972691e-06
MIR4289,0.0,1,9.550945332875934e-09,7.432518753972691e-06
AC026318.1,0.0,1,9.550945332875934e-09,7.432518753972691e-06
DUXAP11,0.0,1,9.550945332875934e-09,7.432518753972691e-06
AC105272.1,0.0,1,9.550945332875934e-09,7.432518753972691e-06
AC023310.3,0.0,1,9.550945332875934e-09,7.432518753972691e-06
AC005858.2,0.0,1,9.550945332875934e-09,7.432518753972691e-06
MIR6511B2,0.0,1,9.550945332875934e-09,7.432518753972691e-06
RNA5SP213,0.0,1,9.550945332875934e-09,7.432518753972691e-06
AC084373.1,0.0,1,9.550945332875934e-09,7.432518753972691e-06
RNU7-165P,0.0,1,9.550945332875934e-09,7.432518753972691e-06
LNCPRESS2,0.0,1,1.2539276544435482e-08,9.62250149490485e-06
RNU1-141P,0.0,1,1.472802474904273e-08,1.1147298951152179e-05
AC093909.3,0.0,1,1.68689575802709e-08,1.2453966436829826e-05
AC006115.1,0.0,1,1.6905224838236388e-08,1.2453966436829826e-05
AC048344.2,0.0,1,2.345865181244747e-08,1.705443986764931e-05
AC104211.2,0.0,1,2.6963697582977257e-08,1.9175869124724638e-05
AC005909.1,0.0,1,2.707083529516618e-08,1.9175869124724638e-05
LPCAT1,11.1683,1,2.8154071358274838e-08,1.969074367958736e-05
RN7SL690P,0.0,1,3.5151000198951186e-08,2.4277038287405637e-05
AC096637.1,0.0,1,4.0995044635630343e-08,2.7963681558121575e-05
CT45A10,0.0,1,4.88467058453237e-08,3.273297229167537e-05
OR10A7,0.0,1,4.917173496360414e-08,3.273297229167537e-05
RN7SKP145,0.0,1,5.132997785694169e-08,3.336569337119697e-05
IGKV3D-31,0.0,1,5.132997785694169e-08,3.336569337119697e-05
AC010181.1,0.0,1,7.3168643698892e-08,4.700830118199047e-05
AC090312.2,0.0,1,9.445670795550079e-08,5.930593213587874e-05
AC073648.3,0.0,1,9.445670795550079e-08,5.930593213587874e-05
GAGE1,0.0,1,1.0296907725840567e-07,6.392412872675764e-05
TUBB8P5,0.0,1,1.1798492738145502e-07,7.243225786311281e-05
LINC02184,0.0,1,1.2377143908839668e-07,7.514966541222082e-05
PES1,42.0906,1,1.5297840992429417e-07,9.18735120123598e-05
COX6B1P6,0.0,1,1.5534963642817582e-07,9.229438830031796e-05
AF130417.1,0.0,1,1.9199372829898885e-07,0.00011285146251038013
AP000676.1,0.0,1,2.0292962384540647e-07,0.00011516373859628806
LINC02366,0.0,1,2.0587737663677078e-07,0.00011516373859628806
AL596276.1,0.0,1,2.0843361072230516e-07,0.00011516373859628806
AL358033.1,0.0,1,2.0843361072230516e-07,0.00011516373859628806
AP000445.2,0.0,1,2.0843361072230516e-07,0.00011516373859628806
AP000857.2,0.0,1,2.0843361072230516e-07,0.00011516373859628806
HILPDA,4.1533,1,2.1968223796275973e-07,0.00012017705952394457
AL355798.1,0.0,1,2.4533944606631813e-07,0.00013289701052996285
MAGEB18,0.0,1,3.303935162514595e-07,0.00017723206368859844
AC084838.1,0.0,1,3.967329807604658e-07,0.0002107720255093967
AC121764.3,0.0,1,4.1733237232945486e-07,0.0002185819090615978
CLEC3B,8.0555,1,4.193455867756709e-07,0.0002185819090615978
AC148477.7,0.0,1,4.520073946710012e-07,0.00023340479037721644
RPL34P29,0.0,1,4.988681470832689e-07,0.00025521724872819236
C11orf40,0.0,1,5.144865324296328e-07,0.00026079275128258777
RAC1P2,4.9163,1,5.255804095599655e-07,0.00026399426171824737
H3P27,0.0,1,5.352896338561003e-07,0.00026644885450285814
AC236972.2,0.0,1,5.825142004910905e-07,0.0002873667375494083
TTTY12,0.0,1,6.795051007931926e-07,0.0003322479276904909
NDUFAF2P1,1.3473,1,7.85273741007492e-07,0.00038059600647496447
AGTRAP,21.5247,1,8.230099346431594e-07,0.0003954169122513378
MED8,32.7918,1,1.0578342500628041e-06,0.0005038573964178453
AL391358.1,0.0,1,1.1279322849628006e-06,0.0005326539710150826
AC073488.3,0.0,1,1.2225525394749695e-06,0.0005724446856870425
RNU1-45P,0.0,1,1.3020154656800413e-06,0.0006045290631071735
CSPG4P12,0.0354,1,1.3584107994685213e-06,0.0006254576124352895
AC243312.1,0.0,1,1.4295035073244049e-06,0.0006498565838306114
AC090457.1,0.0,1,1.4349254909747085e-06,0.0006498565838306114
CCDC58,25.0067,1,1.4558694139599041e-06,0.0006509459279478526
CR381572.1,0.0,1,1.5925026201852425e-06,0.0006509459279478526
IQCA1L,0.0,1,1.6049324764431674e-06,0.0006509459279478526
SLC41A3,13.9192,1,1.7675688278511687e-06,0.0006509459279478526
AC016903.1,0.0,1,1.873242643591337e-06,0.0006509459279478526
CU638689.3,0.0,1,1.873242643591337e-06,0.0006509459279478526
AC002127.1,0.0,1,1.873242643591337e-06,0.0006509459279478526
LINC02508,0.0,1,1.873242643591337e-06,0.0006509459279478526
CDY1B,0.0,1,1.873242643591337e-06,0.0006509459279478526
RN7SL853P,0.0,1,1.873242643591337e-06,0.0006509459279478526
OR2M1P,0.0,1,1.873242643591337e-06,0.0006509459279478526
AL136359.1,0.0,1,1.873242643591337e-06,0.0006509459279478526
AL355526.2,0.0,1,1.873242643591337e-06,0.0006509459279478526
RNU6-1021P,0.0,1,1.873242643591337e-06,0.0006509459279478526
C18orf12,0.0,1,1.873242643591337e-06,0.0006509459279478526
AL354980.2,0.0,1,1.873242643591337e-06,0.0006509459279478526
SNORD115-46,0.0,1,1.873242643591337e-06,0.0006509459279478526
TRIM51EP,0.0,1,1.873242643591337e-06,0.0006509459279478526
AC025465.3,0.0,1,1.873242643591337e-06,0.0006509459279478526
AC013470.3,0.0,1,1.873242643591337e-06,0.0006509459279478526
MIR6074,0.0,1,1.873242643591337e-06,0.0006509459279478526
PHKG1P4,0.0,1,1.873242643591337e-06,0.0006509459279478526
AL450472.3,0.0,1,1.873242643591337e-06,0.0006509459279478526
AF096876.1,0.0,1,1.873242643591337e-06,0.0006509459279478526
AL772155.1,0.0,1,1.873242643591337e-06,0.0006509459279478526
AC006003.1,0.0,1,1.873242643591337e-06,0.0006509459279478526
BRD9P2,0.0,1,1.873242643591337e-06,0.0006509459279478526
RNU6-369P,0.0,1,1.873242643591337e-06,0.0006509459279478526
AC091820.2,0.0,1,1.873242643591337e-06,0.0006509459279478526
RNU6-976P,0.0,1,1.873242643591337e-06,0.0006509459279478526
SDR42E1P2,0.0,1,1.873242643591337e-06,0.0006509459279478526
LINC01248,0.0,1,1.873242643591337e-06,0.0006509459279478526
RNA5SP358,0.0,1,1.873242643591337e-06,0.0006509459279478526
OR7E101P,0.0,1,1.873242643591337e-06,0.0006509459279478526
RN7SKP199,0.0,1,1.873242643591337e-06,0.0006509459279478526
AL512624.1,0.0,1,1.873242643591337e-06,0.0006509459279478526
FAM90A14P,0.0,1,1.873242643591337e-06,0.0006509459279478526
UBE2SP1,0.6225,1,1.9169038348960914e-06,0.0006619548167854927
VCY1B,0.0,1,1.984037869024585e-06,0.0006801501150331915
CYB5AP5,0.0,1,1.994214121396095e-06,0.0006801501150331915
AL353649.1,0.0,1,2.249528321581402e-06,0.0007625210970798505
RNF145,11.1531,1,2.2962791969837524e-06,0.0007736220621447944
NEUROG1,0.0,1,2.3973877037789477e-06,0.0008027906994496631
CCDC137,23.2837,1,2.4952172969348422e-06,0.0008294383070586057
SLC29A3,5.5574,1,2.5069897429737776e-06,0.0008294383070586057
AC091819.2,0.0,1,2.5499557434441064e-06,0.0008386318734331772
LYPLA2,99.8746,1,2.8898153291331115e-06,0.000944781518137649
AC010655.2,0.0,1,2.9230753287866843e-06,0.0009500338709771876
BCYRN1,0.68,1,2.948184550984041e-06,0.000951204109173014
AC104852.1,0.0,1,2.9611074129037576e-06,0.000951204109173014"""

print(create_latex_table(data))